"0 4 0 0 0 0 1 7 9 \n 0 0 2 0 0 8 0 5 4 \n 0 0 6 0 0 5 0 0 8 \n 0 8 0 0 7 0 9 1 0 \n 0 5 0 0 9 0 0 3 0 \n 0 1 9 0 6 0 0 4 0 \n 3 0 0 4 0 0 7 0 0 \n 5 7 0 1 0 0 2 0 0 \n 9 2 8 0 0 0 0 6 0 \n" 

8 4 5 | 6 3 2 | 1 7 9
7 3 2 | 0 0 8 | 0 5 4
0 0 6 | 0 0 5 | 0 0 8
---------------------
0 8 0 | 0 7 0 | 9 1 0
0 5 0 | 0 9 0 | 0 3 0
0 1 9 | 0 6 0 | 0 4 0
---------------------
3 0 0 | 4 0 0 | 7 0 0
5 7 0 | 1 0 0 | 2 0 0
9 2 8 | 0 0 0 | 0 6 0

"8 4 5 6 3 2 1 7 9 \n 7 3 2 0 0 8 0 5 4 \n 0 0 6 0 0 5 0 0 8 \n 0 8 0 0 7 0 9 1 0 \n 0 5 0 0 9 0 0 3 0 \n 0 1 9 0 6 0 0 4 0 \n 3 0 0 4 0 0 7 0 0 \n 5 7 0 1 0 0 2 0 0 \n 9 2 8 0 0 0 0 6 0 \n" 
